0015 0020    1190.991          2.82547           6.05429    
0020 0025    502.9544  	       2.40561    	 4.62893    
0025 0030    251.2974  	       2.44842    	 4.2978     
0030 0035    140.4637  	       3.87417    	 6.00773    
0035 0040    85.61537  	       5.72739    	 8.12353    
0040 0045    56.15546  	       9.84493    	 10.5077    
0045 0050    39.52353  	       10.7520    	 10.542     
0050 0055    29.94080  	       9.25785    	 9.49618    
0055 0060    24.71355  	       8.40949    	 8.71633    
0060 0064    18.12876  	       6.57331    	 6.83714    
0064 0068    18.21778  	       6.90064    	 7.18208    
0068 0072    20.00352  	       7.85469    	 8.17387    
0072 0076    24.40596  	       9.85193    	 10.2861    
0076 0081    45.26508  	       18.8212    	 19.6174    
0081 0086    99.36024  	       42.6134    	 44.3165    
0086 0091    708.5028  	       318.411    	 331.38     
0091 0096    776.0445  	       356.975    	 370.685    
0096 0101    67.49803  	       31.4351    	 32.7277    
0101 0106    22.86253  	       10.7510    	 11.197     
0106 0110    9.746548  	       4.62964    	 4.80993    
0110 0115    7.706758  	       3.68868    	 3.83051    
0115 0120    5.109369  	       2.46621    	 2.5685     
0120 0126    4.245594  	       2.06451    	 2.15531    
0126 0133    3.439202  	       1.69081    	 1.75892    
0133 0141    2.748375  	       1.36510    	 1.423      
0141 0150    2.178211  	       1.09660    	 1.14038    
0150 0160    1.717398  	       0.87522    	 0.913401   
0160 0171    1.348165  	       0.69755    	 0.727173   
0171 0185    1.200997  	       0.63194    	 0.659104   
0185 0200    0.885232  	       0.47521    	 0.494554   
0200 0220    0.790672  	       0.43320    	 0.450933   
0220 0243    0.582666  	       0.32717    	 0.340739   
0243 0273    0.467903  	       0.27059    	 0.282102   
0273 0320    0.397167  	       0.23869    	 0.24843    
0320 0380    0.241787  	       0.15235    	 0.15857    
0380 0440    0.117606  	       7.78350E-02	 0.0807139  
0440 0510    7.029950E-02      4.85771E-02	 0.0503958  
0510 0600    4.429945E-02      3.19797E-02	 0.0331154  
0600 0700    2.338104E-02      1.76336E-02	 0.0181938  
0700 0830    1.398745E-02      1.09838E-02	 0.0113133  
0830 1000    7.607186E-03      6.20846E-03	 0.00639088 
1000 1200    3.477800E-03      2.93963E-03	 0.00301706 
1200 1500    1.776802E-03      1.54586E-03	 0.00158757 
1500 2000    7.018111E-04      6.29074E-04	 0.000646646
2000 3000    1.666213E-04      1.53575E-04	 0.000158644
3000 6500    1.141425E-05      1.07820E-05	 1.15221e-05