0015 0020  1183.95           75.3391      1164.56        67.1139       	1189.12	        44.1225    
0020 0025  499.622	     21.6154      492.274        20.7283        503.858	        14.8314    
0025 0030  248.685	     7.98804      245.195        8.30579        251.194	        6.33296    
0030 0035  138.815	     3.66438      137.694        4.11746        140.946	        3.21178    
0035 0040  84.6233	     1.98595      83.9376        2.33919        85.7862	        1.81518    
0040 0045  55.5557	     1.20567      55.0644        1.46882        56.2529	        1.12135    
0045 0050  39.1081	    0.796738      38.803         1.00339        39.5021	        0.745336   
0050 0055  29.6558	    0.571979      29.3294        0.739519       29.9167	        0.53449    
0055 0060  24.4676	     0.44926      24.2211        0.597809       24.6835	        0.415029   
0060 0064  17.9526	    0.318139      17.7679        0.431776       18.1003	        0.287654   
0064 0068  18.0424	    0.313457      17.8683        0.429807       18.1835	        0.275954   
0068 0072  19.8151	    0.341442      19.6334        0.46945        19.9609	        0.291557   
0072 0076  24.1796	    0.416936      23.9314        0.570195       24.3498	        0.345781   
0076 0081  44.849	     0.77761      44.3852        1.0551	        45.1549	        0.628503   
0081 0086  98.4527	     1.71433      97.4245        2.30855        99.1246	        1.36232    
0086 0091  702.151	     12.2034      694.558        16.3278        707.127	        9.6654     
0091 0096  769.198	     13.2847      760.403        17.7553        774.757	        10.5692    
0096 0101  66.9027	     1.13101      66.1925        1.52609        67.3434	        0.914497   
0101 0106  22.6603	    0.375306      22.4293        0.510866       22.8169	        0.310512   
0106 0110  9.659	    0.157455      9.56534        0.215728       9.72616	        0.133151   
0110 0115  7.6385	    0.122983      7.56527        0.169199       7.68757	        0.10616    
0115 0120  5.06788	   0.0807064      5.01962        0.111382       5.09953	        0.0711908  
0120 0126  4.21185	   0.0664758      4.17248        0.0918784      4.23727	        0.059888   
0126 0133  3.41109	   0.0534378      3.38023        0.073865       3.43106	        0.0491922  
0133 0141  2.72721	   0.0424706      2.70315        0.0586258      2.74263	        0.0399275  
0141 0150  2.16128	   0.0335104      2.14302        0.0461366      2.17301	        0.0321305  
0150 0160  1.70438	   0.0263404      1.69053        0.0361377      1.71325	        0.0257169  
0160 0171  1.33853	   0.0206379      1.32762        0.0281886      1.3532	        0.0206308  
0171 0185  1.19258	   0.0183505      1.18355        0.0249493      1.19826	        0.018501   
0185 0200  0.87956	   0.0135126      0.873	         0.0182665      0.883202        0.0138251  
0200 0220  0.785591	   0.0120513      0.780415       0.016202       0.78892	        0.0125213  
0220 0243  0.579187	  0.00887363      0.575533       0.0118494      0.581451        0.00935978 
0243 0273  0.465374	  0.00712226      0.462682       0.00944322     0.466993        0.00762628 
0273 0320  0.395247	  0.00604638      0.393196       0.0079457      0.39649	        0.00658719 
0320 0380  0.240819	  0.00369162      0.240369       0.00480794     0.241462   	0.00409786 
0380 0440  0.117249	  0.00180849      0.116805       0.00231757     0.117488   	0.00203709 
0440 0510  0.0701476	  0.00109426      0.069924       0.00138004     0.0702519  	0.00124255 
0510 0600  0.0442433	 0.000704684      0.0441281      0.000868567    0.0442821  	0.000800528
0600 0700  0.0233737	 0.000385348      0.0233273      0.000460422    0.0233777  	0.000433336
0700 0830  0.0139953	 0.000242419      0.0139738      0.000279172    0.0139855  	0.00026705 
0830 1000  0.00761765	 0.000141315      0.0076099      0.000156629    0.00762456 	0.000151697
1000 1200  0.00348514	 7.01036e-05      0.00348315     7.55529e-05    0.00348329 	7.30396e-05
1200 1500  0.00178095	 3.91326e-05      0.0017806      4.16109e-05    0.00177318 	3.95749e-05
1500 2000  0.000703906	 1.73289e-05      0.000703996    1.83511e-05    0.000699658	1.69361e-05
2000 3000  0.000167844	 5.16487e-06      0.000167914    5.45717e-06    0.000166481	4.70826e-06
3000 6500  1.19126e-05	 6.95992e-07      1.19224e-05    7.5261e-07     1.1778e-05 	6.62388e-07