0015 0020     1245.4            110.086     1411.07            198.136   1266.53           63.5162
0020 0025     527.352	        27.8089	    544.711    	       63.7689   519.718           19.9725
0025 0030     257.84	        9.81423	    269.007    	       25.6081   254.56	           7.94279
0030 0035     143.342	        4.59291	    149.263    	       11.8956   141.41	           3.78903
0035 0040     87.1975	        2.57354	    90.7505    	       6.27509   86.0704           2.07164
0040 0045     57.1641	         1.6025	    59.45	       3.64969   56.4693           1.25068   
0045 0050     40.2371	        1.07657	    41.7342    	       2.30835   39.7244          0.815467
0050 0055     30.5205	       0.779169	    31.5532    	       1.59075   30.1126          0.573629
0055 0060     25.209	       0.613978	    25.9765    	       1.20545   24.8717          0.440076
0060 0064     18.4903	       0.432684	    18.9948    	      0.826077   18.2527          0.303803
0064 0068     18.602	       0.422439	    19.0462    	      0.793059   18.3676          0.292173
0068 0072     20.4452	       0.453975	    20.8823    	      0.844497   20.2056          0.312397
0072 0076     24.9584	       0.545454	    25.4368    	       1.01236   24.6932          0.379149
0076 0081     46.3061	        1.00053	    47.1028    	       1.86124   45.8812          0.707384
0081 0086     101.582	        2.17714	    103.202    	       4.07229   100.66	            1.5634
0086 0091     724.226	        15.4277	    735.604    	       29.1155   717.726            11.184
0091 0096     793.658	        16.8298	    806.037    	        31.809   786.125            12.199
0096 0101     69.0195	        1.44038	    70.092	       2.68066   68.3772           1.02873   
0101 0106     23.3622	       0.480898	    23.7348    	      0.878521   23.1458          0.338737
0106 0110     9.96328	       0.202957	    10.1226    	      0.363968   9.86373           0.14162
0110 0115     7.88128	       0.159215	    8.00882    	      0.280836   7.79921          0.110508
0115 0120     5.2299	       0.104843	    5.31497    	      0.181513   5.17084         0.0725503
0120 0126     4.3467	      0.0865637	    4.41821    	      0.147223   4.29622         0.0599582
0126 0133     3.52181	      0.0697052	    3.58112    	      0.116571   3.48029         0.0484077
0133 0141     2.81478	      0.0554041	    2.86252    	     0.0911778   2.7805	         0.0385954
0141 0150     2.23197	      0.0437215	    2.26958    	     0.0709002   2.20324          0.030607
0150 0160     1.76033	      0.0343336	    1.79031    	     0.0549575   1.73704         0.0241732
0160 0171     1.38261	      0.0268711	    1.40569    	     0.0425875   1.36426         0.0191222
0171 0185     1.23229	        0.02387	    1.25262    	     0.0375729   1.2155	         0.0172599
0185 0200     0.908956	      0.0175552	    0.923598   	     0.0275539   0.89649         0.0129532
0200 0220     0.811508	      0.0156327	    0.824223   	     0.0245582   0.800123        0.0118512
0220 0243     0.598369	      0.0115044	    1.12816    	     0.0323934   0.590262       0.00902475
0243 0273     0.480854	     0.00923027	    0.487802   	     0.0148136   0.474135        0.0075341
0273 0320     0.408633	     0.00784252	    0.414226   	     0.0129048   0.403376       0.00675252
0320 0380     0.248683	       0.004783	    0.251817   	    0.00819397   0.245804       0.00443818
0380 0440     0.120844	      0.0023364	    0.122165   	    0.00418252   0.119626       0.00234608
0440 0510     0.0721611	      0.0014068	    0.0728313  	    0.00262516   0.0715915      0.00152355
0510 0600     0.0454378	     0.00089739	    0.0837591  	    0.00310986   0.0451832      0.00104884
0600 0700     0.0239498	    0.000482798	    0.0240522  	   0.000979425   0.0238942     0.000606247
0700 0830     0.0143046	     0.00029729	    0.0143214  	   0.000625516   0.0143315     0.000396614
0830 1000     0.00777151    0.000169152	    0.00774718 	   0.000367955   0.00782741    0.000237035
1000 1200     0.00354843    8.22698e-05	    0.00351784 	   0.000183962   0.00359646    0.000118831
1200 1500     0.00181136    4.53119e-05	    0.00178261 	   0.000103975   0.00185011     6.6517e-05
1500 2000     0.000717163    1.9729e-05	    0.000697546	   4.70231e-05   0.000738712   2.92291e-05
2000 3000     0.000172248   5.53772e-06	    0.000164073	   1.34855e-05   0.000177746   8.07061e-06